--------------------------- NASA Glenn Thermodynamic Data Coefficients ------------------------------
! using new NASA polynomials
!   
!   Cp/R = a1*T^-2 + a2*T^-1 + a3 + a4*T + a5*T^2 + a6*T^3 + a7*T^4
!   H/RT = -a1*T^-2 + a2*T^-1*ln(T) + a3 + a4*T/2 + a5*T^2/3 + a6*T^3/4 + a7*T^4/5 + b1/T
!   S/R = -a1*T^-2/2 - a2*T^-1 + a3*ln(T) + a4*T + a5*T^2/2 + a6*T^3/3 + a7*T^4/4 + b2
-----------------------------------------------------------------------------------------------------
*H
 0.000000000E+00  0.000000000E+00  2.500000000E+00  0.000000000E+00  0.000000000E+00 
 0.000000000E+00  0.000000000E+00                   2.547370801E+04 -4.466828530E-01 
 6.078774250E+01 -1.819354417E-01  2.500211817E+00 -1.226512864E-07  3.732876330E-11 
-5.687744560E-15  3.410210197E-19                   2.547486398E+04 -4.481917770E-01 
 1.0
*O
-7.953611300E+03  1.607177787E+02  1.966226438E+00  1.013670310E-03 -1.110415423E-06
 6.517507500E-10 -1.584779251E-13                   2.840362437E+04  8.404241820E+00 
 2.619020262E+05 -7.298722030E+02  3.317177270E+00 -4.281334360E-04  1.036104594E-07
-9.438304330E-12  2.725038297E-16                   3.392428060E+04 -6.679585350E-01 
 16                    
*H2O
-3.947960830E+04  5.755731020E+02  9.317826530E-01  7.222712860E-03 -7.342557370E-06
 4.955043490E-09 -1.336933246E-12                  -3.303974310E+04  1.724205775E+01
 1.034972096E+06 -2.412698562E+03  4.646110780E+00  2.291998307E-03 -6.836830480E-07
 9.426468930E-11 -4.822380530E-15                  -1.384286509E+04 -7.978148510E+00
 18	                                                          
*OH
-1.998858990E+03  9.300136160E+01  3.050854229E+00  1.529529288E-03 -3.157890998E-06
 3.315446180E-09 -1.138762683E-12                   2.991214235E+03  4.674110790E+00 
 1.017393379E+06 -2.509957276E+03  5.116547860E+00  1.305299930E-04 -8.284322260E-08
 2.006475941E-11 -1.556993656E-15                   2.019640206E+04 -1.101282337E+01 
 17
*O2
-3.425563420E+04  4.847000970E+02  1.119010961E+00  4.293889240E-03 -6.836300520E-07
-2.023372700E-09  1.039040018E-12                  -3.391454870E+03  1.849699470E+01 
-1.037939022E+06  2.344830282E+03  1.819732036E+00  1.267847582E-03 -2.188067988E-07
 2.053719572E-11 -8.193467050E-16                  -1.689010929E+04  1.738716506E+01
 32	
*H2  
 4.078323210E+04 -8.009186040E+02  8.214702010E+00 -1.269714457E-02  1.753605076E-05
-1.202860270E-08  3.368093490E-12                   2.682484665E+03 -3.043788844E+01 
 5.608128010E+05 -8.371504740E+02  2.975364532E+00  1.252249124E-03 -3.740716190E-07
 5.936625200E-11 -3.606994100E-15                   5.339824410E+03 -2.202774769E+00
 2
*H2O2
-9.279533580E+04  1.564748385E+03 -5.976460140E+00  3.270744520E-02 -3.932193260E-05
 2.509255235E-08 -6.465045290E-12                  -2.494004728E+04  5.877174180E+01 
 1.489428027E+06 -5.170821780E+03  1.128204970E+01 -8.042397790E-05 -1.818383769E-08
 6.947265590E-12 -4.827831900E-16                   1.418251038E+04 -4.650855660E+01
 34
*HO2
-7.598882540E+04  1.329383918E+03 -4.677388240E+00  2.508308202E-02 -3.006551588E-05
 1.895600056E-08 -4.828567390E-12                  -5.873350960E+03  5.193602140E+01
-1.810669724E+06  4.963192030E+03 -1.039498992E+00  4.560148530E-03 -1.061859447E-06
 1.144567878E-10 -4.763064160E-15                  -3.200817190E+04  4.066850920E+01
 33
*N2    		            	                                                                  
 2.210371497E+04 -3.818461820E+02  6.082738360E+00 -8.530914410E-03  1.384646189E-05
-9.625793620E-09  2.519705809E-12                   7.108460860E+02 -1.076003744E+01  
 5.877124060E+05 -2.239249073E+03  6.066949220E+00 -6.139685500E-04  1.491806679E-07
-1.923105485E-11  1.061954386E-15                   1.283210415E+04 -1.586640027E+01
 28
*AR
 0.000000000E+00  0.000000000E+00  2.500000000E+00  0.000000000E+00  0.000000000E+00
 0.000000000E+00  0.000000000E+00                  -7.453750000E+02  4.379674910E+00  
 2.010538475E+01 -5.992661070E-02  2.500069401E+00 -3.992141160E-08  1.205272140E-11
-1.819015576E-15  1.078576636E-19                  -7.449939610E+02  4.379180110E+00
 39.9480000
*C2H4
-1.163605836E+05  2.554851510E+03 -1.609746428E+01  6.625779320E-02 -7.885081860E-05 
 5.125224820E-08 -1.370340031E-11                  -6.176191070E+03  1.093338343E+02 
 3.408763670E+06 -1.374847903E+04  2.365898074E+01 -2.423804419E-03  4.431395660E-07 
-4.352683390E-11  1.775410633E-15                   8.820429380E+04 -1.371278108E+02 
 28.0531600
*CO
 1.489045326E+04 -2.922285939E+02  5.724527170E+00 -8.176235030E-03  1.456903469E-05 
-1.087746302E-08  3.027941827E-12                  -1.303131878E+04 -7.859241350E+00 
 4.619197250E+05 -1.944704863E+03  5.916714180E+00 -5.664282830E-04  1.398814540E-07 
-1.787680361E-11  9.620935570E-16                  -2.466261084E+03 -1.387413108E+01
 28.0101000 
*CO2
 4.943650540E+04 -6.264116010E+02  5.301725240E+00  2.503813816E-03 -2.127308728E-07 
-7.689988780E-10  2.849677801E-13                  -4.528198460E+04 -7.048279440E+00
 1.176962419E+05 -1.788791477E+03  8.291523190E+00 -9.223156780E-05  4.863676880E-09 
-1.891053312E-12  6.330036590E-16                  -3.908350590E+04 -2.652669281E+01
 44.0095000
*CH4
-1.766850998E+05  2.786181020E+03 -1.202577850E+01  3.917619290E-02 -3.619054430E-05   
 2.026853043E-08 -4.976705490E-12                  -2.331314360E+04  8.904322750E+01 
 3.730042760E+06 -1.383501485E+04  2.049107091E+01 -1.961974759E-03  4.727313040E-07
-3.728814690E-11  1.623737207E-15                   7.532066910E+04 -1.219124889E+02
 16.0424600
*He
 0.000000000E+00  0.000000000E+00  2.500000000E+00  0.000000000E+00  0.000000000E+00
 0.000000000E+00  0.000000000E+00                  -7.453750000E+02  9.287239740E-01
 0.000000000E+00  0.000000000E+00  2.500000000E+00  0.000000000E+00  0.000000000E+00
 0.000000000E+00  0.000000000E+00                  -7.453750000E+02  9.287239740E-01
 4.0026020
*END