--------------------------- JANAF Thermodynamic Data Coefficients ------------------------------
! using JANAF polynomials
!   
!   Cp/R = a1 + a2*T + a3*T^2 + a4*T^3 + a5*T^4
!   H/RT = a1 + a2/2*T + a3/3*T^2 + a4/4*T^3 + a5/5*T^4 + a6/T
!   S/R = a1*ln(T) + a2*T + a3/2*T^2 + a4/3*T^3 + a5/4*T^4 + a7
-----------------------------------------------------------------------------------------------------
*H
2.50000001E+00 -2.30842973E-11 1.61561948E-14 -4.73515235E-18 4.98197357E-22
2.54736599E+04 -4.46682914E-01 2.50000000E+00 7.05332819E-13 -1.99591964E-15
2.30081632E-18 -9.27732332E-22 2.54736599E+04 -4.46682853E-01
1.00796997547150
*O
2.56942078E+00 -8.59741137E-05 4.19484589E-08 -1.00177799E-11 1.22833691E-15
2.92175791E+04 4.78433864E+00 3.16826710E+00 -3.27931884E-03 6.64306396E-06
-6.12806624E-09 2.11265971E-12 2.91222592E+04 2.05193346E+00 
15.9994001388550
*H2O
3.03399249E+00 2.17691804E-03 -1.64072518E-07 -9.70419870E-11 1.68200992E-14
-3.00042971E+04 4.96677010E+00 4.19864056E+00 -2.03643410E-03 6.52040211E-06
-5.48797062E-09 1.77197817E-12 -3.02937267E+04 -8.49032208E-01
18.0153400897980
*OH
3.09288767E+00  5.48429716E-04 1.26505228E-07 -8.79461556E-11 1.17412376E-14
 3.85865700E+03 4.47669610E+00 3.99201543E+00 -2.40131752E-03 4.61793841E-06
-3.88113333E-09 1.36411470E-12 3.61508056E+03 -1.03925458E-01
17.0073701143265
*O2
3.28253784E+00 1.48308754E-03 -7.57966669E-07 2.09470555E-10 -2.16717794E-14
-1.08845772E+03 5.45323129E+00 3.78245636E+00 -2.99673416E-03 9.84730201E-06
-9.68129509E-09 3.24372837E-12 -1.06394356E+03 3.65767573E+00
31.9988002777100
*H2     
3.33727920E+00 -4.94024731E-05 4.99456778E-07 -1.79566394E-10 2.00255376E-14
-9.50158922E+02 -3.20502331E+00 2.34433112E+00 7.98052075E-03 -1.94781510E-05
2.01572094E-08 -7.37611761E-12 -9.17935173E+02 6.83010238E-01 
2.01593995094299
*H2O2
4.16500285E+00 4.90831694E-03 -1.90139225E-06 3.71185986E-10 -2.87908305E-14
-1.78617877E+04 2.91615662E+00 4.27611269E+00 -5.42822417E-04 1.67335701E-05
-2.15770813E-08 8.62454363E-12 -1.77025821E+04 3.43505074E+00 
34.0147402286530
*HO2
4.01721090E+00 2.23982013E-03 -6.33658150E-07 1.14246370E-10 -1.07908535E-14
 1.11856713E+02 3.78510215E+00 4.30179801E+00 -4.74912051E-03 2.11582891E-05
-2.42763894E-08 9.29225124E-12 2.94808040E+02 3.71666245E+00
33.0067702531815
*N2  
 0.02926640E+02 0.14879768E-02 -0.05684760E-05 0.10097038E-09 -0.06753351E-13 
-0.09227977E+04 0.05980528E+02 0.03298677E+02 0.14082404E-02 -0.03963222E-04
 0.05641515E-07 -0.02444854E-10 -0.10208999E+04 0.03950372E+02
 28.0134
*AR
0.02500000E+02 0.00000000E+00 0.00000000E+00 0.00000000E+00 0.00000000E+00
-0.07453750E+04 0.04366000E+02 0.02500000E+02 0.00000000E+00 0.00000000E+00
 0.00000000E+00 0.00000000E+00 -0.07453750E+04 0.04366000E+02
39.9480018615723
*C2H4
 2.03611116E+00 1.46454151E-02 -6.71077915E-06 1.47222923E-09 -1.25706061E-13
 4.93988614E+03 1.03053693E+01 3.95920148E+00 -7.57052247E-03 5.70990292E-05
-6.91588753E-08 2.69884373E-11 5.08977593E+03 4.09733096E+00   
 28.0531600
 *CO
 2.71518561E+00 2.06252743E-03 -9.98825771E-07 2.30053008E-10 -2.03647716E-14
-1.41518724E+04 7.81868772E+00 3.57953347E+00 -6.10353680E-04 1.01681433E-06
 9.07005884E-10 -9.04424499E-13 -1.43440860E+04 3.50840928E+00
 28.0101000 
*CO2
 3.85746029E+00 4.41437026E-03 -2.21481404E-06 5.23490188E-10 -4.72084164E-14
-4.87591660E+04 2.27163806E+00 2.35677352E+00 8.98459677E-03 -7.12356269E-06
 2.45919022E-09 -1.43699548E-13 -4.83719697E+04 9.90105222E+00
 44.0095000
*CH4
 7.48514950E-02 1.33909467E-02 -5.73285809E-06 1.22292535E-09 -1.01815230E-13
-9.46834459E+03 1.84373180E+01 5.14987613E+00 -1.36709788E-02 4.91800599E-05
-4.84743026E-08 1.66693956E-11 -1.02466476E+04 -4.64130376E+00
 16.0424600
*END
