12
0.000010    0.000020    0.000046    0.000050    0.000066    0.000070    0.000092    0.000100    0.000136    0.000160    0.000180    0.000218
// lite version of 2D visualization

16
0.000020    0.000046    0.000050    0.000066    0.000070    0.000092    0.000100    0.000136    0.000218    0.000244    0.000300    0.000360    0.000400    0.000450    0.000476    0.000500
// 2D visualization in Ref.http://dx.doi.org/10.1016/j.combustflame.2017.03.026

18
0.000020    0.000046    0.000050    0.000066    0.000070    0.000092    0.000100    0.000136    0.000218    0.000244    0.000300    0.000360    0.000400    0.000450    0.000476    0.000500    0.000550    0.000600
// 2D visualization in Ref.http://dx.doi.org/10.1016/j.combustflame.2017.03.026

13
0.000026    0.000074    0.000092    0.000114    0.000178    0.000200    0.000300    0.000316    0.000410    0.000450    0.000500    0.000580    0.000600
// 3D visualization in Ref.http://dx.doi.org/10.1016/j.combustflame.2017.03.026

5
0.000064    0.000092    0.000098    0.000200    0.000400    // Ref.https://doi.org/10.1016/j.combustflame.2015.10.016

4
0.000023    0.000059    0.000093    0.000473                // Ref.https://doi.org/10.1016/j.combustflame.2022.112085