*forward_reaction
0	1	0	1	0	0	0	0	0	0
1	0	1	0	0	0	0	0	0	0
1	0	0	0	1	0	0	0	0	0
0	0	1	0	0	0	0	1	0	0
1	0	0	0	0	0	0	0	0	0
0	1	0	0	0	0	0	0	0	0
0	0	0	0	1	0	0	0	0	0
0	0	0	0	0	0	0	1	0	0
0	1	0	1	0	0	0	0	0	0
0	0	0	1	0	1	0	0	0	0
0	0	0	1	0	1	0	0	0	0
0	0	1	0	0	1	0	0	0	0
0	0	0	0	1	1	0	0	0	0
0	1	0	0	0	0	1	0	0	0
0	1	0	0	0	0	1	0	0	0
0	0	0	0	0	0	1	0	0	0
0	0	0	1	0	0	1	0	0	0
0	0	0	1	0	0	1	0	0	0
0	0	1	0	0	0	1	0	0	0
0	0	0	0	1	0	1	0	0	0
0	0	0	0	1	0	1	0	0	0
*backward_reaction
0	0	1	0	1	0	0	0	0	0
0	0	0	1	1	0	0	0	0	0
0	0	0	1	0	0	0	1	0	0
0	0	0	0	2	0	0	0	0	0
0	0	0	2	0	0	0	0	0	0
0	0	2	0	0	0	0	0	0	0
0	0	1	1	0	0	0	0	0	0
0	0	0	1	1	0	0	0	0	0
0	0	0	0	0	1	0	0	0	0
1	1	0	0	0	0	0	0	0	0
0	0	0	0	2	0	0	0	0	0
0	1	0	0	1	0	0	0	0	0
0	1	0	0	0	0	0	1	0	0
0	0	0	0	0	2	0	0	0	0
0	0	0	0	0	2	0	0	0	0
0	0	0	0	2	0	0	0	0	0
0	0	0	0	1	0	0	1	0	0
1	0	0	0	0	1	0	0	0	0
0	0	0	0	1	1	0	0	0	0
0	0	0	0	0	1	0	1	0	0
0	0	0	0	0	1	0	1	0	0
*third_body
0	0	0	0	0	0	0	0	0	0
0	0	0	0	0	0	0	0	0	0
0	0	0	0	0	0	0	0	0	0
0	0	0	0	0	0	0	0	0	0
2.5	1	1	1	1	1	1	12	1	0
2.5	1	1	1	1	1	1	12	1	0
2.5	1	1	1	1	1	1	12	1	0
0.73	1	1	1	1	1	1	12	1	0
1.3	1	1	1	1	1	1	14	1	0
0	0	0	0	0	0	0	0	0	0
0	0	0	0	0	0	0	0	0	0
0	0	0	0	0	0	0	0	0	0
0	0	0	0	0	0	0	0	0	0
0	0	0	0	0	0	0	0	0	0
0	0	0	0	0	0	0	0	0	0
2.5	1	1	1	1	1	1	12	1	0
0	0	0	0	0	0	0	0	0	0
0	0	0	0	0	0	0	0	0	0
0	0	0	0	0	0	0	0	0	0
0	0	0	0	0	0	0	0	0	0
0	0	0	0	0	0	0	0	0	0
*Arrhenius
1.91E+14	0.00 	16440.00 
5.08E+04	2.67	6292.00	 
2.16E+08	1.51	3430.00	 
2.97E+06	2.02	13400.00 
4.58E+19   -1.40	104400.00
4.52E+17   -0.60	118900.00
9.88E+17   -0.70	102100.00
1.91E+23   -1.80	118500.00
1.48E+12	0.60	0.00	 
1.66E+13	0.00	823.00	 
7.08E+13	0.00	295.00	
3.25E+13	0.00	0.00	 
2.89E+13	0.00	-497.00	 
4.63E+16   -0.30	50670.00 
1.43E+13   -0.30	37060.00 
2.95E+14	0.00	48430.00 
2.41E+13	0.00	3970.00	 
6.03E+13	0.00	7950.00	 
9.55E+06	2.00	3970.00  
1.00E+12	0.00	0.00	 
1.07E+13	0.60	40450.00	 

// Third-body for AR
0	0	0	0	0	0	0	0	0
0	0	0	0	0	0	0	0	0
0	0	0	0	0	0	0	0	0
0	0	0	0	0	0	0	0	0
2.5	1	1	1	1	1	1	12	1
2.5	1	1	1	1	1	1	12	0.83
2.5	1	1	1	1	1	1	12	0.75
0.73	1	1	1	1	1	1	12	0.38
1.3	1	1	1	1	1	1	14	0.67
0	0	0	0	0	0	0	0	0
0	0	0	0	0	0	0	0	0
0	0	0	0	0	0	0	0	0
0	0	0	0	0	0	0	0	0
0	0	0	0	0	0	0	0	0
0	0	0	0	0	0	0	0	0
2.5	1	1	1	1	1	1	12	0.45
0	0	0	0	0	0	0	0	0
0	0	0	0	0	0	0	0	0
0	0	0	0	0	0	0	0	0
0	0	0	0	0	0	0	0	0
0	0	0	0	0	0	0	0	0

